send_receive/sc_console/OpComm: 1,1,1 : 0.000000000000000 : 0.000000000000000, 0.000000000000000, 0.000000000000000 : 1 : 0 : [0,0,0]
SampleTime=0.000050000000000
